0, 0, 0, 1, 1, 0, 0, 0, 0, 1, 1, 0, 0, 0, 1, 1, 0, 0, 1, 1, 0, 0, 0, 1, 1, 0, 0,
1, 1, 0, 0, 0, 1, 1, 0, 0, 1, 1, 0, 0, 0, 1, 1, 0, 0, 1, 1, 0, 0, 0, 1, 1, 0, 0,
1, 1, 1, 1, 0, 0, 0, 1

0, 0, 0, 1, 1, 0, 0, 0, 1, 1, 0, 0, 0, 0, 1, 1, 0, 0, 0, 1, 1, 0, 0, 1, 1, 0, 0,
0, 1, 1, 0, 0, 1, 1, 0, 0, 0, 1, 1, 0, 0, 1, 1, 0, 0, 0, 1, 1, 0, 0, 1, 1, 0, 0,
0, 1, 1, 1, 1, 0, 0, 1

0, 0, 1, 1, 0, 0, 0, 1, 1, 0, 0, 0, 0, 1, 1, 0, 0, 0, 1, 1, 0, 0, 1, 1, 0, 0, 0,
1, 1, 0, 0, 1, 1, 0, 0, 0, 1, 1, 0, 0, 1, 1, 0, 0, 0, 1, 1, 0, 0, 1, 1, 0, 0, 0,
1, 1, 1, 1, 0, 0, 1

0, 0, 1, 1, 0, 0, 0, 1, 1, 0, 0, 0, 0, 1, 1, 0, 0, 0, 1, 1, 0, 0, 1, 1, 0, 0, 0,
1, 1, 0, 0, 1, 1, 0, 0, 0, 1, 1, 0, 0, 1, 1, 0, 0, 0, 1, 1, 0, 0, 1, 1, 0, 0, 0,
1, 1, 1, 1, 0, 0, 0, 1

0, 0, 1, 1, 0, 0, 0, 1, 1, 0, 0, 0, 0, 1, 1, 0, 0, 0, 1, 1, 0, 0, 1, 1, 0, 0, 0,
1, 1, 0, 0, 1, 1, 0, 0, 0, 1, 1, 0, 0, 1, 1, 0, 0, 0, 1, 1, 0, 0, 1, 1, 0, 0, 0,
1, 1, 1, 1, 0, 0, 1

0, 0, 1, 1, 0, 0, 0, 1, 1, 0, 0, 0, 0, 1, 1, 0, 0, 0, 1, 1, 0, 0, 1, 1, 0, 0, 0,
1, 1, 0, 0, 1, 1, 0, 0, 0, 1, 1, 0, 0, 1, 1, 0, 0, 0, 1, 1, 0, 0, 1, 1, 0, 0, 0,
1, 1, 1, 1, 0, 0, 0, 1

{0x0 <repeats 14 times>, 0x1 <repeats 16 times>, 0x0 <repeats 19 times>, 0x1 <repeats 15 times>, 0x0 <repeats 19 times>,
    0x1 <repeats 16 times>, 0x0 <repeats 19 times>, 0x1 <repeats 33 times>, 0x0 <repeats 19 times>, 0x1 <repeats 30 times>,
    0x0 <repeats 300 times>}, {0x0 <repeats 19 times>, 0x1 <repeats 16 times>, 0x0 <repeats 19 times>, 0x1 <repeats 16 times>,
    0x0 <repeats 19 times>, 0x1 <repeats 15 times>, 0x0 <repeats 19 times>, 0x1 <repeats 16 times>, 0x0 <repeats 19 times>,
    0x1 <repeats 15 times>, 0x0, 0x0, 0x0, 0x0, 0x0, 0x1, 0x1, 0x0 <repeats 320 times>}, {0x0, 0x0, 0x0, 0x0, 0x0, 0x0, 0x0, 0x0,
    0x1 <repeats 15 times>, 0x0 <repeats 19 times>, 0x1 <repeats 16 times>, 0x0 <repeats 19 times>, 0x1 <repeats 15 times>, 0x0, 0x0, 0x0,
    0x0, 0x0, 0x0, 0x1, 0x0 <repeats 26 times>, 0x1, 0x0 <repeats 24 times>, 0x1, 0x0 <repeats 19 times>, 0x1, 0x0, 0x0, 0x0, 0x0, 0x1,
    0x1, 0x0 <repeats 323 times>}
